5.321652293205261230e-01
-4.063966274261474609e-01
-6.012021303176879883e-01
1.214068159461021423e-01
3.357521295547485352e-01
5.573333501815795898e-01
2.335671186447143555e-01
1.125350594520568848e-01
3.700982779264450073e-04
5.329208970069885254e-01
2.449652701616287231e-01
-3.632192313671112061e-02
-1.416102647781372070e-01
-4.419350028038024902e-01
-3.759973943233489990e-01
-9.676536321640014648e-01
-4.608550071716308594e-01
-7.440248131752014160e-01
-8.339571952819824219e-01
-1.179670691490173340e-01
-9.423782825469970703e-01
4.124635159969329834e-01
7.822673320770263672e-01
-1.258337683975696564e-02
6.009011343121528625e-02
6.019900366663932800e-02
-6.205993890762329102e-01
6.065468490123748779e-02
1.718945652246475220e-01
-1.183320730924606323e-01
7.026949524879455566e-01
-8.322434425354003906e-01
-9.134860634803771973e-01
-1.038236618041992188e+00
-7.272868156433105469e-01
-1.100783199071884155e-01
-8.271464109420776367e-01
1.211777776479721069e-01
-2.818106412887573242e-01
2.755743637681007385e-02
-5.135076045989990234e-01
-5.930793285369873047e-01
1.845373772084712982e-02
-1.519916355609893799e-01
2.943703830242156982e-01
1.435027457773685455e-02
1.359401941299438477e-01
-7.883396148681640625e-01
5.241340994834899902e-01
5.085090994834899902e-01
-2.209408432245254517e-01
6.255248785018920898e-01
1.508949846029281616e-01
8.896919339895248413e-02
-5.229581594467163086e-01
-6.856327652931213379e-01
6.209911108016967773e-01
-1.267610043287277222e-01
-4.322335124015808105e-02
4.412738978862762451e-01
-3.974434137344360352e-01
-6.522118449211120605e-01
8.796649575233459473e-01
1.509618014097213745e-01
-7.592427730560302734e-01
2.834935188293457031e-01
7.550111413002014160e-01
1.438450515270233154e-01
2.089992016553878784e-01
-2.844140231609344482e-01
-1.123755455017089844e+00
2.201847583055496216e-01
1.179494142532348633e+00
-6.086175143718719482e-02
7.220520079135894775e-02
2.622433602809906006e-01
1.082249045372009277e+00
7.140113711357116699e-01
5.838034152984619141e-01
4.332158267498016357e-01
-5.673517584800720215e-01
-2.293980270624160767e-01
-1.380460262298583984e-01
1.729010045528411865e-02
-1.556463539600372314e-04
-7.310886979103088379e-01
-4.369494318962097168e-01
9.308258295059204102e-01
-6.449748277664184570e-01
4.637327790260314941e-02
-7.358791828155517578e-01
6.404261589050292969e-01
-8.105010390281677246e-01
1.408697366714477539e-01
-1.449160218238830566e+00
-1.956202983856201172e-01
1.115329712629318237e-01
1.748532056808471680e-02
5.237326025962829590e-01
-5.505429506301879883e-01
2.054570317268371582e-01
4.451941549777984619e-01
1.158288955688476562e+00
1.188512220978736877e-01
-3.156412839889526367e-01
-5.328441262245178223e-01
6.942297518253326416e-02
4.031749069690704346e-01
5.506237745285034180e-01
-1.371629685163497925e-01
-1.626327633857727051e-02
1.307731866836547852e-01
6.086402535438537598e-01
9.079915285110473633e-01
2.612501084804534912e-01
-1.302776932716369629e+00
1.138145551085472107e-01
4.242057204246520996e-01
-3.687452971935272217e-01
-6.877540349960327148e-01
2.934017479419708252e-01
-1.045997254550457001e-02
4.289698302745819092e-01
7.124580144882202148e-01
2.541711330413818359e-01
2.267312109470367432e-01
4.134906232357025146e-01
-2.837793231010437012e-01
