1.832485496997833252e-01
-3.071703314781188965e-01
2.117960900068283081e-01
1.271957010030746460e-01
1.002370640635490417e-01
3.905330002307891846e-01
-4.044499099254608154e-01
3.316852450370788574e-01
-2.789888381958007812e-01
-4.618994593620300293e-01
8.260756731033325195e-02
-3.272644579410552979e-01
-3.945977985858917236e-01
-2.919663190841674805e-01
5.942682921886444092e-02
1.182401180267333984e-01
4.970032572746276855e-01
-5.876756906509399414e-01
2.887493968009948730e-01
-7.299300283193588257e-02
-3.984602689743041992e-01
-8.950597047805786133e-02
-2.059966921806335449e-01
3.990674018859863281e-01
3.424147963523864746e-01
-3.978985249996185303e-01
-1.035228595137596130e-01
-9.237812757492065430e-01
-6.180733442306518555e-01
4.642078280448913574e-01
-8.990696072578430176e-02
-1.280657947063446045e-01
6.646113395690917969e-01
-1.678256869316101074e+00
-5.863896012306213379e-01
-1.689014434814453125e-01
8.960562348365783691e-01
4.196212291717529297e-01
7.219573259353637695e-01
4.265626072883605957e-01
9.590528905391693115e-03
2.994174063205718994e-01
9.074718356132507324e-01
-3.542802110314369202e-02
3.162194788455963135e-01
-4.484178423881530762e-01
-4.565813392400741577e-02
6.815296411514282227e-01
2.296440750360488892e-01
2.286957949399948120e-01
-9.851045906543731689e-02
1.782578229904174805e-01
-4.335104823112487793e-01
-1.084379792213439941e+00
8.904445171356201172e-01
-2.644759714603424072e-01
-5.234161019325256348e-01
-2.766793780028820038e-02
-3.368546068668365479e-01
-1.415887176990509033e-01
3.585902750492095947e-01
4.736680686473846436e-01
-8.308240771293640137e-01
6.556931138038635254e-01
2.278676629066467285e-01
9.865076281130313873e-03
-4.428985714912414551e-02
-4.940117001533508301e-01
7.271127104759216309e-01
5.756223797798156738e-01
-3.439041674137115479e-01
3.561302125453948975e-01
-8.290485143661499023e-01
-1.949645280838012695e-01
5.463945865631103516e-01
7.458320856094360352e-01
-3.794171512126922607e-01
-4.172126948833465576e-02
1.441342353820800781e+00
3.839485347270965576e-01
4.352852106094360352e-01
-9.509676694869995117e-02
-2.114566564559936523e-01
6.880182623863220215e-01
6.067347526550292969e-01
-1.561196148395538330e-01
2.301890701055526733e-01
-5.446524024009704590e-01
1.464740395545959473e+00
-3.702055662870407104e-02
9.844732880592346191e-01
-3.132023811340332031e-01
-5.999311804771423340e-01
-4.547465741634368896e-01
-8.801155686378479004e-01
1.186067983508110046e-02
6.102177500724792480e-01
-2.088780254125595093e-01
-3.103012964129447937e-02
4.173780977725982666e-02
4.037163555622100830e-01
-8.961795568466186523e-01
-4.473132789134979248e-01
1.938963234424591064e-01
-9.508892893791198730e-01
1.222762018442153931e-01
5.753831863403320312e-01
1.160693019628524780e-01
-4.813694059848785400e-01
-8.261047005653381348e-01
2.715851962566375732e-01
5.214791893959045410e-01
-8.675535768270492554e-02
1.752256155014038086e-01
8.782400935888290405e-02
-1.218324340879917145e-02
-7.324030995368957520e-01
-2.982288599014282227e-01
-4.916765987873077393e-01
1.289488077163696289e-01
-3.981316834688186646e-02
5.342575311660766602e-01
-4.182934463024139404e-01
-7.500592619180679321e-02
-4.759010076522827148e-01
7.046132683753967285e-01
1.544541716575622559e-01
-8.736916184425354004e-01
