4.438510239124298096e-01
3.734217882156372070e-01
2.618886530399322510e-01
-3.793818876147270203e-03
8.401303738355636597e-02
3.476214036345481873e-02
-2.447743713855743408e-01
3.857638239860534668e-01
1.680974364280700684e-01
2.210589051246643066e-01
4.210035875439643860e-02
4.281986951828002930e-01
-1.598518341779708862e-01
7.135590314865112305e-01
4.104525595903396606e-02
-4.973980486392974854e-01
-6.296958327293395996e-01
-1.160843014717102051e+00
2.039020359516143799e-01
1.438583582639694214e-01
-1.121820509433746338e-01
2.947034239768981934e-01
-5.804728269577026367e-01
1.946775615215301514e-01
-6.290148198604583740e-02
-1.216945886611938477e+00
2.259437441825866699e-01
3.287033736705780029e-01
-4.106252789497375488e-01
4.532211124897003174e-01
-2.506221272051334381e-02
-5.152547955513000488e-01
2.490657567977905273e-01
-5.128539204597473145e-01
-2.308291345834732056e-01
-6.547881364822387695e-01
4.944743216037750244e-01
4.740245938301086426e-01
-2.957885861396789551e-01
2.677084505558013916e-01
6.613838076591491699e-01
1.803406924009323120e-01
-2.329514026641845703e-01
9.087318778038024902e-01
-4.198989868164062500e-01
5.272293090820312500e-01
-5.466939806938171387e-01
-1.417028903961181641e-01
7.703679203987121582e-01
-6.768779158592224121e-01
-9.681328199803829193e-03
1.616459786891937256e-01
4.070223122835159302e-02
-3.109452724456787109e-01
3.235583603382110596e-01
1.235869526863098145e-01
4.139767959713935852e-02
7.063007354736328125e-02
-4.557591974735260010e-01
-3.093970417976379395e-01
7.644252181053161621e-01
-1.132515296339988708e-01
3.953878283500671387e-01
1.877095103263854980e-01
4.917972683906555176e-01
7.939493060111999512e-01
3.611554503440856934e-01
-1.716066300868988037e-01
1.691877245903015137e-01
-7.411263585090637207e-01
-3.259301781654357910e-01
-4.514938890933990479e-01
-2.451312839984893799e-01
5.062759518623352051e-01
5.082708597183227539e-02
-8.916405588388442993e-02
4.190293848514556885e-01
2.329339087009429932e-01
5.475269556045532227e-01
4.951357841491699219e-01
-4.300256073474884033e-01
4.646680355072021484e-01
1.226004600524902344e+00
3.229712247848510742e-01
-1.524379700422286987e-01
-1.755422949790954590e-01
-2.497928887605667114e-01
3.624346256256103516e-01
3.147607147693634033e-01
-5.061927437782287598e-01
-5.392159819602966309e-01
-4.391672015190124512e-01
-1.037393689155578613e+00
-2.337977662682533264e-02
3.547945320606231689e-01
-2.989909350872039795e-01
1.468701511621475220e-01
-4.017098546028137207e-01
4.310394227504730225e-01
9.662897586822509766e-01
1.860365867614746094e-01
-1.099491864442825317e-01
-3.468288183212280273e-01
4.211402237415313721e-01
4.349850416183471680e-01
-5.868036299943923950e-02
3.103723824024200439e-01
1.528536081314086914e-01
1.532429158687591553e-01
-5.306860804557800293e-01
-1.662246733903884888e-01
-7.371306419372558594e-02
-5.855939388275146484e-01
-1.012650579214096069e-01
1.633076071739196777e-01
2.082637324929237366e-02
-4.757018089294433594e-01
2.356400638818740845e-01
-3.599123060703277588e-01
-2.045725882053375244e-01
3.188005089759826660e-01
-3.840650245547294617e-02
4.157516360282897949e-01
2.554884552955627441e-01
4.473829865455627441e-01
4.254968464374542236e-01
3.206183016300201416e-01
-6.836957335472106934e-01
