6.279920935630798340e-01
-2.584046125411987305e-01
3.781443238258361816e-01
6.540782004594802856e-02
7.695209383964538574e-01
-2.280784398317337036e-01
-1.076588407158851624e-01
4.321593642234802246e-01
-4.678459763526916504e-01
6.001019477844238281e-01
-1.683223098516464233e-01
-3.207364976406097412e-01
-7.580933570861816406e-01
4.916171133518218994e-01
-1.683811992406845093e-01
3.686635196208953857e-02
-4.211454838514328003e-02
-5.211218595504760742e-01
3.120477199554443359e-01
-2.754694521427154541e-01
-4.555090069770812988e-01
8.128625750541687012e-01
4.254700243473052979e-02
8.951926827430725098e-01
9.240509271621704102e-01
-7.898032069206237793e-01
-8.540068268775939941e-01
3.418038785457611084e-02
-7.545114159584045410e-01
-8.381775021553039551e-02
3.079445660114288330e-02
-4.233791828155517578e-01
1.176335215568542480e-01
-7.927804589271545410e-01
-1.763740628957748413e-01
-9.546605348587036133e-01
4.863473474979400635e-01
9.690421819686889648e-02
-4.117786586284637451e-01
3.926089406013488770e-01
-2.662351429462432861e-01
2.523296177387237549e-01
6.516331434249877930e-01
4.455587863922119141e-01
3.342532217502593994e-01
1.460081934928894043e-01
-3.985382616519927979e-01
3.592255115509033203e-01
-1.892024278640747070e-01
-6.761779785156250000e-01
-7.564362883567810059e-01
5.287496447563171387e-01
5.231134891510009766e-01
-5.015558004379272461e-01
-2.733849287033081055e-01
3.538391292095184326e-01
-1.400222033262252808e-01
3.233483135700225830e-01
-1.736448407173156738e-01
-8.305276036262512207e-01
8.928850293159484863e-03
3.244462311267852783e-01
3.470555543899536133e-01
8.647616505622863770e-01
-2.635829448699951172e-01
-3.498776257038116455e-01
5.116364955902099609e-01
-6.249598264694213867e-01
-5.761873722076416016e-01
-2.472774088382720947e-01
-9.495654702186584473e-02
7.563345879316329956e-02
-6.721552014350891113e-01
1.215457320213317871e-01
-2.929966151714324951e-01
5.702119320631027222e-02
-2.657614946365356445e-01
-4.219867289066314697e-01
8.208652734756469727e-01
1.769341379404067993e-01
7.192775607109069824e-01
4.067755341529846191e-01
1.239839196205139160e+00
6.221730709075927734e-01
1.920329928398132324e-01
4.459140598773956299e-01
-1.747716218233108521e-01
-6.382873058319091797e-01
2.806105017662048340e-01
-2.037441432476043701e-01
-3.162245154380798340e-01
-5.234489440917968750e-01
-5.723075866699218750e-01
-2.323977798223495483e-01
2.107451409101486206e-01
-2.906058430671691895e-01
5.962491631507873535e-01
-5.472171306610107422e-01
4.618983864784240723e-01
5.993694067001342773e-01
6.517110466957092285e-01
-2.492407113313674927e-01
-3.700914233922958374e-02
5.803718566894531250e-01
-4.769823253154754639e-01
3.992805182933807373e-01
1.425167679786682129e+00
-1.707957088947296143e-01
-6.450368762016296387e-01
-1.731035232543945312e+00
-3.120873570442199707e-01
8.003765940666198730e-01
-5.694887638092041016e-01
1.008848920464515686e-01
-1.778407543897628784e-01
-1.412985920906066895e-01
-8.882502317428588867e-01
4.133410006761550903e-02
-9.332171678543090820e-01
-2.215649783611297607e-01
-1.193218708038330078e+00
5.657992511987686157e-02
5.371353626251220703e-01
-3.617004752159118652e-01
1.507581770420074463e-01
1.579307168722152710e-01
2.335253059864044189e-01
-7.338356971740722656e-01
