8.200877308845520020e-01
2.432202994823455811e-01
4.402956366539001465e-02
-3.537988960742950439e-01
-2.299523204565048218e-01
-9.770478010177612305e-01
-1.539022028446197510e-01
-3.388788923621177673e-02
-6.085926890373229980e-01
1.310415267944335938e-01
3.206630051136016846e-01
-6.896915435791015625e-01
-2.228870391845703125e-01
2.479899674654006958e-01
-5.429958701133728027e-01
-5.708529055118560791e-02
3.222769796848297119e-01
-7.593099027872085571e-02
1.136379122734069824e+00
8.175751566886901855e-01
-6.705208420753479004e-01
1.039311289787292480e-01
-4.027760587632656097e-03
1.813864521682262421e-02
6.001892685890197754e-01
-4.816937148571014404e-01
-3.082887232303619385e-01
4.401155412197113037e-01
6.872399896383285522e-02
5.643249750137329102e-01
9.150655865669250488e-01
-6.440784335136413574e-01
1.542183570563793182e-02
1.432094871997833252e-01
1.787241399288177490e-01
-4.826429188251495361e-01
-4.417681694030761719e-01
4.538168907165527344e-01
-2.516638040542602539e-01
5.010941028594970703e-01
2.609534859657287598e-01
-6.898686289787292480e-01
3.567926287651062012e-01
1.404174119234085083e-01
-2.472571730613708496e-01
-7.080403715372085571e-02
3.208444118499755859e-01
-2.787726819515228271e-01
-2.209101058542728424e-02
-1.223926171660423279e-01
-6.335514187812805176e-01
6.340274959802627563e-02
-1.226588636636734009e-01
-4.067771136760711670e-01
2.743346095085144043e-01
4.441467225551605225e-01
-8.930166810750961304e-02
4.397689998149871826e-01
6.771296858787536621e-01
3.609476387500762939e-01
9.179381728172302246e-01
-4.193159043788909912e-01
1.575388312339782715e-01
-2.047979235649108887e-01
-2.205722630023956299e-01
-5.449237823486328125e-01
-3.630223870277404785e-02
-1.188479363918304443e-01
-4.527518153190612793e-01
6.958103179931640625e-02
5.566441416740417480e-01
6.965503692626953125e-01
1.310354322195053101e-01
1.213151365518569946e-01
-5.909564495086669922e-01
4.261932522058486938e-02
-2.227108776569366455e-01
2.338972836732864380e-01
-4.422732293605804443e-01
-5.905976295471191406e-01
-5.173249244689941406e-01
4.144995212554931641e-01
2.709174752235412598e-01
3.238149881362915039e-01
1.840441673994064331e-01
-3.943707942962646484e-01
-8.906520903110504150e-02
4.823139905929565430e-01
-1.959657073020935059e-01
-3.625512719154357910e-01
-3.122964501380920410e-01
-7.621930241584777832e-01
-5.655907392501831055e-01
6.231913566589355469e-01
9.017238020896911621e-01
-4.276562929153442383e-01
7.274327278137207031e-01
-6.182101368904113770e-01
4.709675535559654236e-02
6.256496906280517578e-01
-7.171548157930374146e-02
-4.993616044521331787e-02
-4.971588850021362305e-01
3.953007161617279053e-01
-2.509464621543884277e-01
-7.817054390907287598e-01
9.101593494415283203e-02
7.962432503700256348e-02
1.680539995431900024e-01
-8.457939028739929199e-01
2.756951749324798584e-01
-6.259846687316894531e-01
-1.863643825054168701e-01
-4.725569486618041992e-02
2.226237207651138306e-03
-9.935772418975830078e-01
-3.081182837486267090e-01
4.334360361099243164e-01
-4.755897819995880127e-01
3.212050795555114746e-01
2.259373217821121216e-01
-1.013549491763114929e-01
2.004433125257492065e-01
6.698293089866638184e-01
-3.078618347644805908e-01
8.226809501647949219e-01
2.862259447574615479e-01
-4.973673075437545776e-02
