-4.118325412273406982e-01
-6.911160349845886230e-01
-1.684294939041137695e-01
2.319562733173370361e-01
5.960969924926757812e-01
-1.038814336061477661e-01
-7.918511629104614258e-01
2.755182385444641113e-01
-4.126184582710266113e-01
4.371230006217956543e-01
-2.856511995196342468e-02
3.721706569194793701e-02
-2.233754098415374756e-02
-1.454355120658874512e-01
1.385636478662490845e-01
-5.497401356697082520e-01
-2.248490154743194580e-01
-5.148642063140869141e-01
-3.901179879903793335e-02
1.965845972299575806e-01
2.665216326713562012e-01
-1.487073302268981934e-01
-4.461138546466827393e-01
4.416539967060089111e-01
1.051681518554687500e+00
-1.184681057929992676e-01
1.849170587956905365e-02
1.899724639952182770e-02
1.311233192682266235e-01
-3.150091767311096191e-01
-1.819102764129638672e-01
-6.995086073875427246e-01
1.198911666870117188e-01
7.650896161794662476e-02
-2.769566476345062256e-01
5.451660603284835815e-03
-3.501017391681671143e-01
1.079663038253784180e+00
-6.808363199234008789e-01
2.350594252347946167e-01
2.458254098892211914e-01
-5.698010325431823730e-01
4.893914610147476196e-02
-4.876711666584014893e-01
-8.868563771247863770e-01
3.820025920867919922e-01
-6.889492869377136230e-01
7.800803184509277344e-01
4.626891911029815674e-01
9.907575696706771851e-02
-4.067360162734985352e-01
-1.501362919807434082e-01
-3.830328583717346191e-01
-6.603639572858810425e-02
2.537028789520263672e-01
4.925953745841979980e-01
-7.086390256881713867e-02
2.084233015775680542e-01
3.941137790679931641e-01
-2.363216280937194824e-01
-3.846625089645385742e-01
-1.889259815216064453e-01
2.369796335697174072e-01
-4.731278717517852783e-01
-2.897230088710784912e-01
-6.990982294082641602e-01
8.521437644958496094e-02
1.282855272293090820e-01
2.250709086656570435e-01
-3.363002836704254150e-01
-3.960476815700531006e-01
-1.392200291156768799e-01
2.346562594175338745e-01
-2.145460098981857300e-01
5.582268834114074707e-01
-2.346247732639312744e-01
4.806332588195800781e-01
-5.893239378929138184e-02
-2.561622560024261475e-01
5.753132104873657227e-01
5.716051533818244934e-02
-4.250896871089935303e-01
2.364717423915863037e-02
-4.764111042022705078e-01
1.442335397005081177e-01
8.495303988456726074e-02
-2.547394633293151855e-01
-3.071110546588897705e-01
-1.341617107391357422e-01
-8.714726567268371582e-01
1.853220313787460327e-01
-9.186626970767974854e-02
-2.537061274051666260e-01
-2.874049246311187744e-01
-6.700543761253356934e-01
1.005663633346557617e+00
1.176763325929641724e-01
2.612734138965606689e-01
-2.208065688610076904e-01
7.702743262052536011e-02
2.308543920516967773e-01
2.059248834848403931e-02
-1.146668717265129089e-01
-2.268770895898342133e-02
9.071941673755645752e-02
-3.430068790912628174e-01
4.140078425407409668e-01
-1.514930427074432373e-01
-8.806358091533184052e-03
-1.082615017890930176e+00
-4.481730163097381592e-01
7.110028862953186035e-01
3.062756359577178955e-01
4.996722340583801270e-01
1.288424730300903320e-01
-1.328563243150711060e-01
3.356408476829528809e-01
-1.884656548500061035e-01
-3.219209611415863037e-02
-1.481881141662597656e-01
-4.247201681137084961e-01
4.325195252895355225e-01
-3.400080204010009766e-01
1.407701373100280762e-01
2.672550678253173828e-01
-2.932267263531684875e-02
-5.990767478942871094e-01
-1.512284278869628906e-01
