-1.490984708070755005e-01
-8.699144721031188965e-01
8.589290082454681396e-02
1.725706756114959717e-01
4.884240031242370605e-02
2.700253427028656006e-01
-2.708953022956848145e-01
-8.392857909202575684e-01
-6.341917514801025391e-01
6.117486208677291870e-02
-2.123770490288734436e-02
-8.310436606407165527e-01
-1.406366378068923950e-01
1.944285482168197632e-01
-4.217836260795593262e-01
-1.210409253835678101e-01
5.056863427162170410e-01
-4.762892127037048340e-01
-2.948072850704193115e-01
-3.265628814697265625e-01
1.428657025098800659e-01
-6.653617024421691895e-01
4.158007204532623291e-01
1.765087246894836426e-01
2.158736735582351685e-01
-2.388021647930145264e-01
-3.259739279747009277e-01
-1.473487615585327148e-01
9.232853353023529053e-02
2.864264547824859619e-01
-2.250901758670806885e-01
-8.155552297830581665e-02
-2.432859241962432861e-01
-1.197538897395133972e-02
4.714712202548980713e-01
2.232919037342071533e-01
-3.044534921646118164e-01
-2.450815439224243164e-01
2.062346339225769043e-01
-3.493710607290267944e-02
-1.509389728307723999e-01
-2.471078932285308838e-01
2.893243730068206787e-01
4.625234007835388184e-01
1.243036240339279175e-03
5.193953514099121094e-01
-3.236211091279983521e-02
-1.739491373300552368e-01
9.112906455993652344e-02
3.433490172028541565e-03
-5.248107910156250000e-01
7.466220259666442871e-01
1.513073891401290894e-01
1.457615382969379425e-02
-3.176330327987670898e-01
5.602805614471435547e-01
-6.328027248382568359e-01
-4.199863076210021973e-01
-1.601377427577972412e-01
8.277755975723266602e-02
-3.767054677009582520e-01
5.609247088432312012e-01
-2.374301552772521973e-01
5.433346629142761230e-01
4.907493889331817627e-01
-5.993379652500152588e-02
-3.803241252899169922e-02
2.292086929082870483e-02
2.858262062072753906e-01
3.539586365222930908e-01
1.803593635559082031e-01
6.915857791900634766e-01
1.700626909732818604e-01
-6.351442337036132812e-01
-1.320930123329162598e-01
-6.973907351493835449e-01
1.717870589345693588e-03
5.612586736679077148e-01
-4.577059447765350342e-01
1.591779142618179321e-01
-1.503498256206512451e-01
-1.133936345577239990e-01
-2.499906122684478760e-01
2.556261420249938965e-01
8.983112871646881104e-02
6.774806976318359375e-01
-1.030491441488265991e-01
1.742416620254516602e-01
1.815506666898727417e-01
3.931845128536224365e-01
1.010603785514831543e+00
-2.528019249439239502e-01
-3.310922533273696899e-03
-3.131069242954254150e-02
-9.722645580768585205e-02
-7.442455738782882690e-03
-1.943351626396179199e-01
-6.348422169685363770e-02
-2.585858702659606934e-01
4.753254652023315430e-01
6.297924369573593140e-02
-1.862826049327850342e-01
-5.909075140953063965e-01
1.942772567272186279e-01
1.617407649755477905e-01
2.003261595964431763e-01
-6.138558983802795410e-01
4.759354591369628906e-01
3.604367375373840332e-02
-5.464844107627868652e-01
2.818397618830204010e-02
5.295669436454772949e-01
-1.734078228473663330e-01
6.300041079521179199e-01
6.047520637512207031e-01
5.567814409732818604e-02
-2.991855740547180176e-01
-2.860073149204254150e-01
4.175007343292236328e-01
-6.153093278408050537e-02
-5.532668828964233398e-01
6.082721948623657227e-01
-1.267492920160293579e-01
2.878842651844024658e-01
1.915306597948074341e-01
3.248278498649597168e-01
5.309758782386779785e-01
-1.657988876104354858e-01
