-2.913343608379364014e-01
-4.918815493583679199e-01
2.085979096591472626e-02
-7.081574946641921997e-02
1.135942563414573669e-01
7.574758529663085938e-01
2.872647345066070557e-01
3.022478520870208740e-01
1.582104265689849854e-01
2.043966054916381836e-01
1.807274520397186279e-01
4.894276559352874756e-01
1.774315237998962402e-01
-2.679389417171478271e-01
-2.227283120155334473e-01
-5.283163785934448242e-01
9.189464896917343140e-02
-2.716751992702484131e-01
-4.426293820142745972e-02
-2.402431368827819824e-01
-6.850906014442443848e-01
-6.445423364639282227e-01
6.321039199829101562e-01
6.760760545730590820e-01
1.583559066057205200e-01
6.302449107170104980e-01
-1.400378197431564331e-01
-7.576296329498291016e-01
1.561859995126724243e-01
-3.695041835308074951e-01
-3.461109697818756104e-01
-5.138341784477233887e-01
7.864646613597869873e-02
-3.676482290029525757e-02
-3.661159873008728027e-01
-3.298622667789459229e-01
-3.575088679790496826e-01
-1.832422465085983276e-01
-5.059813261032104492e-01
4.856252670288085938e-02
-1.808476746082305908e-01
-5.576010048389434814e-02
4.042340517044067383e-01
2.572969496250152588e-01
1.217504590749740601e-01
8.639644980430603027e-01
-4.849470853805541992e-01
-2.089025974273681641e-01
3.712484836578369141e-01
1.961542814970016479e-01
4.323905110359191895e-01
-1.840998530387878418e-01
-2.122309803962707520e-01
8.803408741950988770e-01
7.676620781421661377e-02
5.857769846916198730e-01
8.777252435684204102e-01
-1.609040498733520508e-01
5.429793000221252441e-01
-2.859388887882232666e-01
-9.985721856355667114e-02
-4.506791234016418457e-01
2.530941367149353027e-01
-1.236748471856117249e-01
-1.852248311042785645e-01
2.340027689933776855e-02
-1.058872193098068237e-01
-7.693795561790466309e-01
4.449850320816040039e-01
4.633757472038269043e-02
6.779572367668151855e-02
3.976591825485229492e-01
-2.653155326843261719e-01
2.258876413106918335e-01
1.470198035240173340e-01
1.262655109167098999e-01
3.996778130531311035e-01
3.927214145660400391e-01
-1.999435424804687500e-01
-6.961758136749267578e-01
-3.248302042484283447e-01
-9.793260693550109863e-02
-5.621650815010070801e-01
-3.145318031311035156e-01
-8.863970637321472168e-02
8.868910372257232666e-02
-4.060842096805572510e-02
3.828603923320770264e-01
-1.147933825850486755e-01
-4.163517951965332031e-01
4.148944020271301270e-01
-4.083713889122009277e-01
-6.421822905540466309e-01
4.973173439502716064e-01
-9.581241011619567871e-02
6.588611602783203125e-01
2.815351486206054688e-01
-5.578140914440155029e-02
3.937452733516693115e-01
-4.623681902885437012e-01
4.587847888469696045e-01
-3.690789043903350830e-01
3.995493054389953613e-02
2.357521951198577881e-01
4.230001866817474365e-01
-2.189994156360626221e-01
-4.118180871009826660e-01
-1.836571544408798218e-01
-5.942419171333312988e-01
-8.490415811538696289e-01
-3.036995977163314819e-02
-5.562235116958618164e-01
1.579341441392898560e-01
2.910095453262329102e-01
-2.945343255996704102e-01
1.465372741222381592e-01
3.875473141670227051e-01
-1.335313767194747925e-01
3.058582246303558350e-01
5.841103196144104004e-02
-4.735677242279052734e-01
8.307458460330963135e-02
-1.779705435037612915e-01
2.903183698654174805e-01
-2.355005592107772827e-01
-5.051558017730712891e-01
-5.928412079811096191e-01
3.658258169889450073e-02
